4294967294,285
4294967279,225
4294967279,223
4294967278,216
4294967279,278
4294967278,212
42,6
4294967279,213
42,5
42,4
42,3
42,2
42,1
4294967279,555
4294967278,360
4294967294,409
4294967294,419
4294967294,413
4294967294,407
4294967294,179
4294967294,275
4294967294,316
4294967294,449
4294967294,458
4294967294,180
4294967294,109
4294967294,460
4294967279,207
4294967278,205
41,5
41,4
41,3
41,2
41,1
4294967278,359
4294967278,195
4294967278,358
4294967279,554
4294967278,357
40,5
40,4
40,3
40,2
40,1
4294967279,553
4294967279,0
4294967294,197
4294967294,182
4294967294,163
4294967278,184
39,5
39,4
39,3
39,2
39,1
4294967294,29
4294967294,28
4294967294,1
4294967294,2
4294967294,314
4294967294,27
4294967294,26
4294967294,84
4294967294,25
4294967294,82
38,5
38,4
4294967294,8
38,3
38,2
38,1
4294967293,131
4294967293,130
4294967293,129
4294967293,128
4294967293,127
4294967293,126
4294967293,125
4294967293,124
4294967293,123
4294967293,122
4294967293,121
4294967293,120
4294967293,119
4294967293,118
4294967293,117
4294967293,116
4294967293,115
4294967293,114
4294967293,113
4294967293,112
4294967293,111
4294967293,110
4294967293,109
4294967293,108
4294967293,107
4294967293,106
4294967293,105
4294967293,104
4294967293,103
4294967293,102
4294967293,101
4294967293,100
4294967293,99
4294967293,98
4294967293,97
4294967293,96
4294967293,95
4294967293,94
4294967293,93
4294967293,92
4294967293,91
4294967293,90
4294967293,89
4294967293,87
4294967293,86
4294967293,85
4294967293,84
4294967293,83
4294967293,82
4294967293,81
4294967293,80
4294967293,79
4294967293,78
4294967293,77
4294967293,76
4294967293,75
4294967293,74
4294967293,73
4294967293,72
4294967293,71
4294967293,70
4294967293,69
4294967293,68
4294967293,67
4294967293,66
4294967293,65
4294967293,64
4294967293,63
4294967293,62
4294967293,61
4294967293,60
4294967293,59
4294967293,58
4294967293,57
4294967293,56
4294967293,55
4294967293,54
4294967293,53
4294967293,52
4294967293,51
4294967293,50
4294967293,49
4294967293,48
4294967293,47
4294967293,46
4294967293,45
4294967293,44
4294967293,43
4294967293,42
4294967293,41
4294967293,40
4294967293,39
4294967293,38
4294967293,37
4294967293,36
4294967293,35
4294967293,34
4294967293,33
4294967293,32
4294967293,31
4294967293,30
4294967293,29
4294967293,28
4294967293,27
4294967293,26
4294967293,25
4294967293,24
4294967293,23
4294967293,22
4294967293,21
4294967293,20
4294967293,19
4294967293,18
4294967293,17
4294967293,16
4294967293,15
4294967293,14
4294967293,13
4294967293,12
4294967293,11
4294967293,10
4294967293,9
4294967293,8
4294967293,7
4294967293,6
4294967293,5
4294967293,4
4294967293,3
4294967278,122
4294967278,119
4294967278,117
4294967278,113
4294967278,110
4294967278,108
4294967278,101
4294967278,99
4294967278,98
4294967278,97
4294967278,96
4294967278,89
4294967278,87
4294967278,86
4294967278,81
4294967278,79
4294967278,77
4294967278,76
4294967278,75
4294967278,74
4294967278,68
4294967278,67
4294967278,66
4294967278,65
4294967278,60
4294967278,58
4294967278,56
4294967278,55
4294967278,54
4294967278,49
4294967278,47
4294967278,45
4294967278,44
4294967278,35
4294967278,34
4294967278,33
4294967278,27
4294967278,25
4294967278,24
4294967278,280
4294967278,17
4294967278,15
4294967278,12
4294967278,279
4294967278,6
4294967278,277
4294967279,132
4294967279,315
4294967279,124
4294967279,120
4294967279,109
4294967279,108
4294967279,107
4294967279,313
4294967279,312
4294967279,101
4294967279,311
4294967279,99
4294967279,98
4294967279,310
4294967279,309
4294967279,308
4294967279,89
4294967279,87
4294967279,86
4294967279,307
4294967279,306
4294967279,305
4294967279,81
4294967279,304
4294967279,79
4294967279,78
4294967279,77
4294967279,76
4294967279,303
4294967279,302
4294967279,301
4294967279,71
4294967279,300
4294967279,69
4294967279,67
4294967279,299
4294967279,66
4294967279,298
4294967279,65
4294967279,297
4294967279,64
4294967279,296
4294967279,60
4294967279,58
4294967279,295
4294967279,57
4294967279,56
4294967279,55
4294967279,54
4294967279,292
4294967279,46
4294967279,45
4294967279,44
4294967279,43
4294967279,39
4294967279,37
4294967279,290
4294967279,35
4294967279,34
4294967279,28
4294967279,138
4294967279,26
4294967279,23
4294967279,17
4294967279,286
4294967279,15
4294967279,285
4294967279,13
4294967279,319
4294967279,10
4294967279,6
4294967279,279
4294967279,294
4294967279,552
4294967279,53
4294967278,356
4294967294,403
4294967294,455
4294967294,414
4294967294,452
4294967279,163
4294967279,49
4294967279,293
4294967279,551
4294967279,47
4294967279,159
37,5
37,4
37,3
37,2
37,1
4294967279,291
4294967278,355
4294967278,39
4294967279,550
4294967279,36
4294967279,144
36,6
36,5
36,4
36,3
36,2
36,1
4294967279,289
4294967279,549
4294967279,30
4294967278,354
4294967278,29
4294967294,38
4294967294,37
4294967294,477
4294967279,548
4294967279,27
4294967278,353
4294967278,26
4294967279,547
4294967279,25
4294967278,133
35,5
4294967279,135
35,4
4294967278,134
35,3
35,2
35,1
4294967278,282
4294967279,546
4294967294,40
4294967279,545
4294967279,20
4294967278,352
4294967278,19
4294967278,281
4294967279,18
4294967279,288
4294967279,287
4294967294,317
4294967294,256
4294967294,176
4294967294,284
4294967278,351
4294967278,16
4294967279,544
4294967279,16
4294967278,267
4294967279,267
34,6
4294967278,265
34,5
4294967279,266
34,4
4294967278,264
34,3
34,2
34,1
4294967278,278
4294967279,543
4294967278,350
4294967278,9
4294967279,318
4294967279,8
4294967279,284
4294967278,259
4294967279,542
4294967279,7
4294967279,283
4294967278,349
4294967278,5
4294967279,281
4294967279,280
4294967279,541
4294967279,5
4294967279,317
4294967278,132
4294967278,256
4294967278,348
4294967278,347
4294967278,346
4294967279,540
4294967279,539
33,6
4294967278,345
33,5
4294967279,316
33,4
4294967278,344
4294967278,129
33,3
33,2
33,1
4294967279,538
4294967279,129
4294967278,343
4294967278,127
4294967279,537
4294967279,118
4294967278,342
4294967279,536
